energy of the configurations with given concentration of disorder
          0          0.005          0.01          0.03          0.1          0.2          0.4          
        0     60.0     60.0     60.0     60.0     60.0     60.0     60.0
        0     60.0 -6880.0 -6784.0 -6752.0 -5876.0 -4896.0 -2944.0
    10000  -8692.0 -7856.0 -7756.0 -7572.0 -6508.0 -5328.0 -3056.0
    20000  -9108.0 -8216.0 -8244.0 -7832.0 -6716.0 -5528.0 -3096.0
    30000  -9412.0 -8440.0 -8500.0 -7972.0 -6820.0 -5596.0 -3112.0
    40000  -9572.0 -8672.0 -8648.0 -8192.0 -6880.0 -5636.0 -3116.0
    50000  -9660.0 -8732.0 -8752.0 -8312.0 -6992.0 -5672.0 -3128.0
    60000  -9756.0 -8828.0 -8784.0 -8392.0 -7056.0 -5692.0 -3128.0
    70000  -9804.0 -8860.0 -8820.0 -8440.0 -7104.0 -5692.0 -3128.0
    80000  -9908.0 -8936.0 -8872.0 -8496.0 -7188.0 -5692.0 -3128.0
    90000 -10060.0 -8968.0 -8904.0 -8548.0 -7212.0 -5692.0 -3132.0
   100000 -10060.0 -8992.0 -8960.0 -8612.0 -7216.0 -5692.0 -3132.0
   110000 -10060.0 -9016.0 -8976.0 -8652.0 -7224.0 -5692.0 -3132.0
   120000 -10060.0 -9024.0 -8996.0 -8668.0 -7240.0 -5692.0 -3132.0
   130000 -10060.0 -9048.0 -9024.0 -8708.0 -7260.0 -5692.0 -3132.0
   140000 -10060.0 -9072.0 -9060.0 -8732.0 -7276.0 -5692.0 -3136.0
   150000 -10060.0 -9072.0 -9080.0 -8760.0 -7288.0 -5692.0 -3152.0
   160000 -10060.0 -9104.0 -9092.0 -8804.0 -7288.0 -5692.0 -3152.0
   170000 -10060.0 -9128.0 -9100.0 -8808.0 -7292.0 -5692.0 -3152.0
   180000 -10060.0 -9168.0 -9132.0 -8808.0 -7300.0 -5692.0 -3152.0
   190000 -10060.0 -9184.0 -9148.0 -8808.0 -7300.0 -5692.0 -3152.0
   200000 -10060.0 -9208.0 -9164.0 -8808.0 -7300.0 -5692.0 -3152.0
   210000 -10060.0 -9224.0 -9172.0 -8808.0 -7300.0 -5692.0 -3152.0
   220000 -10060.0 -9248.0 -9172.0 -8812.0 -7308.0 -5692.0 -3152.0
   230000 -10060.0 -9268.0 -9180.0 -8812.0 -7308.0 -5692.0 -3152.0
   240000 -10060.0 -9284.0 -9184.0 -8812.0 -7308.0 -5692.0 -3152.0
   250000 -10060.0 -9308.0 -9192.0 -8812.0 -7308.0 -5692.0 -3152.0
   260000 -10060.0 -9340.0 -9208.0 -8812.0 -7308.0 -5692.0 -3152.0
   270000 -10060.0 -9340.0 -9216.0 -8812.0 -7308.0 -5692.0 -3152.0
   280000 -10060.0 -9356.0 -9228.0 -8812.0 -7308.0 -5692.0 -3152.0
   290000 -10060.0 -9380.0 -9228.0 -8812.0 -7308.0 -5692.0 -3152.0
   300000 -10060.0 -9396.0 -9236.0 -8812.0 -7308.0 -5692.0 -3152.0
   310000 -10060.0 -9436.0 -9236.0 -8812.0 -7308.0 -5692.0 -3152.0
   320000 -10060.0 -9452.0 -9236.0 -8812.0 -7308.0 -5692.0 -3152.0
   330000 -10060.0 -9452.0 -9240.0 -8812.0 -7308.0 -5692.0 -3152.0
   340000 -10060.0 -9464.0 -9248.0 -8812.0 -7308.0 -5692.0 -3152.0
   350000 -10060.0 -9472.0 -9252.0 -8816.0 -7308.0 -5692.0 -3152.0
   360000 -10060.0 -9488.0 -9252.0 -8816.0 -7308.0 -5692.0 -3152.0
   370000 -10060.0 -9496.0 -9252.0 -8816.0 -7308.0 -5692.0 -3152.0
   380000 -10060.0 -9504.0 -9252.0 -8816.0 -7308.0 -5692.0 -3152.0
   390000 -10060.0 -9512.0 -9252.0 -8816.0 -7308.0 -5692.0 -3152.0
   400000 -10060.0 -9520.0 -9252.0 -8816.0 -7308.0 -5692.0 -3152.0
   410000 -10060.0 -9536.0 -9252.0 -8816.0 -7308.0 -5692.0 -3152.0
   420000 -10060.0 -9536.0 -9260.0 -8816.0 -7308.0 -5692.0 -3152.0
   430000 -10060.0 -9536.0 -9268.0 -8816.0 -7308.0 -5692.0 -3152.0
   440000 -10060.0 -9536.0 -9276.0 -8816.0 -7308.0 -5692.0 -3152.0
   450000 -10060.0 -9536.0 -9288.0 -8816.0 -7308.0 -5692.0 -3152.0
   460000 -10060.0 -9536.0 -9292.0 -8816.0 -7308.0 -5692.0 -3152.0
   470000 -10060.0 -9536.0 -9292.0 -8816.0 -7308.0 -5692.0 -3152.0
   480000 -10060.0 -9536.0 -9300.0 -8816.0 -7308.0 -5692.0 -3152.0
   490000 -10060.0 -9536.0 -9304.0 -8816.0 -7308.0 -5692.0 -3152.0
   500000 -10060.0 -9540.0 -9304.0 -8816.0 -7308.0 -5692.0 -3152.0
   510000 -10060.0 -9540.0 -9304.0 -8816.0 -7308.0 -5692.0 -3152.0
   520000 -10060.0 -9540.0 -9304.0 -8816.0 -7308.0 -5692.0 -3152.0
   530000 -10060.0 -9540.0 -9304.0 -8816.0 -7308.0 -5692.0 -3152.0
   540000 -10060.0 -9548.0 -9304.0 -8816.0 -7308.0 -5692.0 -3152.0
   550000 -10060.0 -9548.0 -9304.0 -8816.0 -7308.0 -5692.0 -3152.0
   560000 -10060.0 -9548.0 -9304.0 -8816.0 -7308.0 -5692.0 -3152.0
   570000 -10060.0 -9548.0 -9304.0 -8816.0 -7308.0 -5692.0 -3152.0
   580000 -10060.0 -9548.0 -9304.0 -8816.0 -7308.0 -5692.0 -3152.0
   590000 -10060.0 -9548.0 -9304.0 -8816.0 -7308.0 -5692.0 -3152.0
   600000 -10060.0 -9548.0 -9304.0 -8816.0 -7308.0 -5692.0 -3152.0
   610000 -10060.0 -9548.0 -9308.0 -8816.0 -7308.0 -5692.0 -3152.0
   620000 -10060.0 -9556.0 -9308.0 -8816.0 -7308.0 -5692.0 -3152.0
   630000 -10060.0 -9556.0 -9308.0 -8816.0 -7308.0 -5692.0 -3152.0
   640000 -10060.0 -9556.0 -9308.0 -8816.0 -7308.0 -5692.0 -3152.0
   650000 -10060.0 -9556.0 -9308.0 -8816.0 -7308.0 -5692.0 -3152.0
   660000 -10060.0 -9564.0 -9308.0 -8816.0 -7308.0 -5692.0 -3152.0
   670000 -10060.0 -9564.0 -9308.0 -8816.0 -7308.0 -5692.0 -3152.0
   680000 -10060.0 -9564.0 -9308.0 -8816.0 -7308.0 -5692.0 -3152.0
   690000 -10060.0 -9572.0 -9308.0 -8816.0 -7308.0 -5692.0 -3152.0
   700000 -10060.0 -9572.0 -9308.0 -8816.0 -7308.0 -5692.0 -3152.0
   710000 -10060.0 -9572.0 -9308.0 -8816.0 -7308.0 -5692.0 -3152.0
   720000 -10060.0 -9572.0 -9308.0 -8816.0 -7308.0 -5692.0 -3152.0
   730000 -10060.0 -9572.0 -9308.0 -8816.0 -7308.0 -5692.0 -3152.0
   740000 -10060.0 -9572.0 -9308.0 -8816.0 -7308.0 -5692.0 -3152.0
   750000 -10060.0 -9572.0 -9308.0 -8816.0 -7308.0 -5692.0 -3152.0
   760000 -10060.0 -9572.0 -9308.0 -8816.0 -7308.0 -5692.0 -3152.0
   770000 -10060.0 -9572.0 -9308.0 -8816.0 -7308.0 -5692.0 -3152.0
   780000 -10060.0 -9572.0 -9308.0 -8816.0 -7308.0 -5692.0 -3152.0
   790000 -10060.0 -9572.0 -9308.0 -8816.0 -7308.0 -5692.0 -3152.0
   800000 -10060.0 -9572.0 -9308.0 -8816.0 -7308.0 -5692.0 -3152.0
   810000 -10060.0 -9572.0 -9308.0 -8816.0 -7308.0 -5692.0 -3152.0
   820000 -10060.0 -9572.0 -9308.0 -8816.0 -7308.0 -5692.0 -3152.0
   830000 -10060.0 -9580.0 -9308.0 -8816.0 -7308.0 -5692.0 -3152.0
   840000 -10060.0 -9580.0 -9312.0 -8816.0 -7308.0 -5692.0 -3152.0
   850000 -10060.0 -9580.0 -9312.0 -8816.0 -7308.0 -5692.0 -3152.0
   860000 -10060.0 -9588.0 -9312.0 -8816.0 -7308.0 -5692.0 -3152.0
   870000 -10060.0 -9588.0 -9312.0 -8816.0 -7308.0 -5692.0 -3152.0
   880000 -10060.0 -9588.0 -9312.0 -8816.0 -7308.0 -5692.0 -3152.0
   890000 -10060.0 -9588.0 -9312.0 -8816.0 -7308.0 -5692.0 -3152.0
   900000 -10060.0 -9588.0 -9312.0 -8816.0 -7308.0 -5692.0 -3152.0
   910000 -10060.0 -9588.0 -9312.0 -8816.0 -7308.0 -5692.0 -3152.0
   920000 -10060.0 -9588.0 -9312.0 -8816.0 -7308.0 -5692.0 -3152.0
   930000 -10060.0 -9588.0 -9312.0 -8816.0 -7308.0 -5692.0 -3152.0
   940000 -10060.0 -9588.0 -9312.0 -8816.0 -7308.0 -5692.0 -3152.0
   950000 -10060.0 -9596.0 -9312.0 -8816.0 -7308.0 -5692.0 -3152.0
   960000 -10060.0 -9596.0 -9312.0 -8816.0 -7308.0 -5692.0 -3152.0
   970000 -10060.0 -9596.0 -9312.0 -8816.0 -7308.0 -5692.0 -3152.0
   980000 -10060.0 -9596.0 -9320.0 -8816.0 -7308.0 -5692.0 -3152.0
   990000 -10060.0 -9596.0 -9320.0 -8816.0 -7308.0 -5692.0 -3152.0
